  0.000000000000000E+000
  5.559174891276442E-003
  1.112047931113702E-002
  1.668604540156515E-002
  2.225801053568732E-002
  2.783851994420905E-002
  3.342972935487021E-002
  3.903380764924136E-002
  4.465293954115235E-002
  5.028932828101529E-002
  5.594519839027279E-002
  6.162279843014362E-002
  6.732440380877747E-002
  7.305231963086367E-002
  7.880888359362159E-002
  8.459646893300787E-002
  9.041748742380884E-002
  9.627439243713987E-002
  0.102169682058638     
  0.108105902270405     
  0.114085650199466     
  0.120111577435125     
  0.126186393417219     
  0.132312868896784     
  0.138493839470014     
  0.144732209185820     
  0.151030954226405     
  0.157393126659463     
  0.163821858259460     
  0.170320364394315     
  0.176891947972336     
  0.183540003442669     
  0.190268020840657     
  0.197079589867371     
  0.203978403990138     
  0.210968264548136     
  0.218053084843932     
  0.225236894198293     
  0.232523841941515     
  0.239918201309947     
  0.247424373211203     
  0.255046889815770     
  0.262790417926181     
  0.270659762067667     
  0.278659867236076     
  0.286795821229864     
  0.295072856482947     
  0.303496351304306     
  0.312071830418097     
  0.320804964684942     
  0.329701569870775     
  0.338767604314236     
  0.348009165327162     
  0.357432484145233     
  0.367043919227527     
  0.376849947684712     
  0.386857154596232     
  0.397072219957384     
  0.407501902978288     
  0.418153023438887     
  0.429032439788147     
  0.440147023662596     
  0.451503630490270     
  0.463109065842522     
  0.474970047199643     
  0.487093160808617     
  0.499484813334763     
  0.512151178045807     
  0.525098135319495     
  0.538331207336815     
  0.551855486914768     
  0.565675560547742     
  0.579795425866946     
  0.594218403894445     
  0.608947046662579     
  0.623983040990262     
  0.639327109452560     
  0.654978909844789     
  0.670936934720717     
  0.687198412867198     
  0.703759214853131     
  0.720613765044527     
  0.737754962693088     
  0.755174114864453     
  0.772860884054653     
  0.790803253330264     
  0.808987511701866     
  0.827398262188122     
  0.846018454640788     
  0.864829444878576     
  0.883811081027666     
  0.902941817206690     
  0.922198853851344     
  0.941558303085174     
  0.960995376652025     
  0.980484593080456     
   1.00000000000000     
   1.01951540691954     
   1.03900462334798     
   1.05844169691483     
   1.07780114614866     
   1.09705818279331     
   1.11618891897233     
   1.13517055512142     
   1.15398154535921     
   1.17260173781188     
   1.19101248829813     
   1.20919674666974     
   1.22713911594535     
   1.24482588513555     
   1.26224503730691     
   1.27938623495547     
   1.29624078514687     
   1.31280158713280     
   1.32906306527928     
   1.34502109015521     
   1.36067289054744     
   1.37601695900974     
   1.39105295333742     
   1.40578159610556     
   1.42020457413305     
   1.43432443945226     
   1.44814451308523     
   1.46166879266319     
   1.47490186468051     
   1.48784882195419     
   1.50051518666524     
   1.51290683919138     
   1.52502995280036     
   1.53689093415748     
   1.54849636950973     
   1.55985297633740     
   1.57096756021185     
   1.58184697656111     
   1.59249809702171     
   1.60292778004262     
   1.61314284540377     
   1.62315005231529     
   1.63295608077247     
   1.64256751585477     
   1.65199083467284     
   1.66123239568577     
   1.67029843012923     
   1.67919503531506     
   1.68792816958190     
   1.69650364869569     
   1.70492714351705     
   1.71320417877014     
   1.72134013276392     
   1.72934023793233     
   1.73720958207382     
   1.74495311018423     
   1.75257562678880     
   1.76008179869005     
   1.76747615805849     
   1.77476310580171     
   1.78194691515607     
   1.78903173545186     
   1.79602159600986     
   1.80292041013263     
   1.80973197915934     
   1.81645999655733     
   1.82310805202767     
   1.82967963560569     
   1.83617814174054     
   1.84260687334054     
   1.84896904577359     
   1.85526779081418     
   1.86150616052999     
   1.86768713110322     
   1.87381360658278     
   1.87988842256488     
   1.88591434980053     
   1.89189409772960     
   1.89783031794136     
   1.90372560756286     
   1.90958251257619     
   1.91540353106699     
   1.92119111640638     
   1.92694768036914     
   1.93267559619122     
   1.93837720156986     
   1.94405480160973     
   1.94971067171899     
   1.95534706045885     
   1.96096619235076     
   1.96657027064513     
   1.97216148005579     
   1.97774198946431     
   1.98331395459844     
   1.98887952068886     
   1.99444082510872     
   2.00000000000000     
